%% Contrast range based on Method of adjustments
% These are the nominal ranges.

% Semin 
cpd3 = [-2.8820   -2.7220   -2.5620   -2.4020   -2.2420   -2.0820]
cpd6 = [-2.6612   -2.5012   -2.3412   -2.1812   -2.0212   -1.8612]
cpd9 = [-2.6612   -2.5012   -2.3412   -2.1812   -2.0212   -1.8612]
cpd12 = [ -2.6612   -2.5012   -2.3412   -2.1812   -2.0212   -1.8612]
cpd18 = [-2.4893   -2.3293   -2.1693   -2.0093   -1.8493   -1.6893]

% David
cpd3 = [ -3.0157   -2.8557   -2.6957   -2.5357   -2.3757   -2.2157]
cpd6 = [-2.7366   -2.5766   -2.4166   -2.2566   -2.0966   -1.9366]
cpd9 = [-2.9437   -2.7837   -2.6237   -2.4637   -2.3037   -2.1437]
cpd12 = [-2.7366   -2.5766   -2.4166   -2.2566   -2.0966   -1.9366]
cpd18 = [-2.5680   -2.4080   -2.2480   -2.0880   -1.9280   -1.7680]
